1011 2
1051 1
1081 2
1092 1
1112 2
1119 1
1121 1
1192 1
1211 1
1219 1
1221 1
1281 1
1320 1
1351 1
1371 1
1381 2
1421 1
1510 1
1581 1
1591 2
1611 1
1621 1
1631 1
1652 1
1711 1
1751 1
1761 1
1791 1
1808 1
1811 1
1861 1
1871 1
1920 1
1932 1
1941 1
1971 2
1972 1
1973 4
1974 8
1975 6
1976 3
1977 15
1978 11
1979 9
1980 10
1981 9
1982 6
1983 7
1984 1
1985 8
1986 2
1987 8
1988 7
1989 12
1990 4
1991 2
1992 3
1993 3
1995 7
1997 2
1998 1
1999 1
2000 2
2003 2
2008 1
2010 5
2022 1
2071 1
2081 1
2111 1
2112 1
2161 1
2181 2
2211 1
2221 1
2231 1
2251 1
2271 1
2319 1
2331 1
2341 1
2381 2
2391 1
2411 2
2481 2
2521 1
2531 1
2551 3
2581 1
2605 1
2610 1
2631 1
2632 1
2661 1
2681 1
2708 1
2710 2
2711 1
2731 1
2741 1
2751 2
2771 1
2781 1
2805 1
2821 1
2910 1
2911 1
2922 1
2951 1
3219 1
3319 1
3819 1
3919 1
4219 1
4319 1
4320 1
4819 3
4919 1
5219 2
5419 1
6619 1
7219 3
7583 1
7619 1
7719 1
8219 1
8619 1
8819 1
9119 1
9920 1
