2 3
112 1
1011 2
1020 1
1051 1
1081 2
1092 1
1112 2
1119 1
1121 1
1192 1
1211 1
1219 1
1220 1
1221 1
1281 1
1320 1
1351 1
1371 1
1381 2
1421 1
1510 1
1581 1
1591 2
1611 1
1621 1
1631 1
1652 1
1711 1
1719 1
1751 1
1761 1
1790 2
1791 1
1797 1
1808 1
1811 1
1816 3
1861 1
1871 1
1878 1
1905 1
1917 1
1920 1
1929 1
1930 1
1932 1
1938 2
1939 1
1941 1
1942 1
1943 1
1946 1
1947 1
1950 1
1953 1
1955 2
1956 1
1957 2
1958 2
1959 1
1960 1
1961 3
1962 1
1964 2
1965 11
1966 36
1967 35
1968 44
1969 35
1970 52
1971 38
1972 37
1973 20
1974 53
1975 29
1976 65
1977 60
1978 55
1979 90
1980 49
1981 34
1982 20
1983 34
1984 45
1985 36
1986 54
1987 49
1988 53
1989 38
1990 57
1991 35
1992 54
1993 62
1994 32
1995 73
1996 39
1997 65
1998 62
1999 46
2000 58
2001 27
2002 57
2003 48
2004 45
2005 44
2006 46
2007 23
2008 47
2009 73
2010 43
2011 62
2012 90
2013 69
2014 45
2015 32
2016 77
2017 41
2018 14
2019 12
2022 1
2071 1
2081 1
2111 1
2112 1
2161 1
2181 2
2211 1
2219 1
2221 1
2231 1
2251 1
2271 1
2319 1
2331 1
2341 1
2381 2
2391 1
2411 2
2481 2
2521 1
2531 1
2551 3
2581 1
2605 1
2610 1
2631 1
2632 1
2661 1
2681 1
2708 1
2710 2
2711 1
2731 1
2741 1
2751 2
2771 1
2781 1
2805 1
2821 1
2910 1
2911 1
2922 1
2951 1
3219 1
3319 1
3819 1
3919 1
4219 1
4319 1
4320 1
4819 3
4919 1
5219 2
5419 1
6619 1
7219 3
7583 1
7619 1
7719 1
8219 1
8619 1
8819 1
9119 1
9920 1
